#group: free  frags first [ 2^0   2^1   2^2   2^3   2^4   2^5   2^6   2^7   2^8   2^9   2^10  2^11  2^12  2^13  ]
#0    : 3036  2     21544 [ 0     0     1     1     1     0     1     1     1     1     0     1     0     0     ]
#1    : 21492 2     1036  [ 0     0     1     0     1     1     1     1     1     1     0     0     1     2     ]
#2    : 30587 3     125   [ 1     1     0     1     1     1     1     0     1     1     1     0     1     3     ]
#3    : 31194 1     1574  [ 0     1     0     1     1     0     1     1     1     0     0     1     1     3     ]
#4    : 32732 1     36    [ 0     0     1     1     1     0     1     1     1     1     1     1     1     3     ]
#5    : 29689 1     3079  [ 1     0     0     1     1     1     1     1     1     1     0     0     1     3     ]
#6    : 30721 1     2047  [ 1     0     0     0     0     0     0     0     0     0     0     1     1     3     ]
#7    : 29689 1     3079  [ 1     0     0     1     1     1     1     1     1     1     0     0     1     3     ]
#8    : 26625 2     2047  [ 1     0     0     0     0     0     0     0     0     0     0     1     0     3     ]
#9    : 25594 2     5126  [ 0     1     0     1     1     1     1     1     1     1     0     0     0     3     ]
#10   : 24578 3     2047  [ 2     0     0     0     0     0     0     0     0     0     0     0     0     3     ]
#11   : 30721 1     2047  [ 1     0     0     0     0     0     0     0     0     0     0     1     1     3     ]
#12   : 30721 1     2047  [ 1     0     0     0     0     0     0     0     0     0     0     1     1     3     ]
#13   : 30721 1     2047  [ 1     0     0     0     0     0     0     0     0     0     0     1     1     3     ]
#14   : 32767 1     1     [ 1     1     1     1     1     1     1     1     1     1     1     1     1     3     ]
#15   : 30719 1     2049  [ 1     1     1     1     1     1     1     1     1     1     1     0     1     3     ]
#16   : 2018  1     22558 [ 0     1     0     0     0     1     1     1     1     1     1     0     0     0     ]
#17   : 28666 1     4102  [ 0     1     0     1     1     1     1     1     1     1     1     1     0     3     ]
#18   : 30720 1     2048  [ 0     0     0     0     0     0     0     0     0     0     0     1     1     3     ]
#19   : 30721 1     2047  [ 1     0     0     0     0     0     0     0     0     0     0     1     1     3     ]
#20   : 30721 1     2047  [ 1     0     0     0     0     0     0     0     0     0     0     1     1     3     ]
#21   : 30721 1     2047  [ 1     0     0     0     0     0     0     0     0     0     0     1     1     3     ]
#22   : 30721 1     2047  [ 1     0     0     0     0     0     0     0     0     0     0     1     1     3     ]
#23   : 30721 1     2047  [ 1     0     0     0     0     0     0     0     0     0     0     1     1     3     ]
#24   : 32767 1     1     [ 1     1     1     1     1     1     1     1     1     1     1     1     1     3     ]
#25   : 29684 1     3084  [ 0     0     1     0     1     1     1     1     1     1     0     0     1     3     ]
#26   : 30721 1     2047  [ 1     0     0     0     0     0     0     0     0     0     0     1     1     3     ]
#27   : 29689 1     3079  [ 1     0     0     1     1     1     1     1     1     1     0     0     1     3     ]
#28   : 30721 1     2047  [ 1     0     0     0     0     0     0     0     0     0     0     1     1     3     ]
#29   : 30721 1     2047  [ 1     0     0     0     0     0     0     0     0     0     0     1     1     3     ]
#30   : 30721 1     2047  [ 1     0     0     0     0     0     0     0     0     0     0     1     1     3     ]
#31   : 16385 2     2047  [ 1     0     0     0     0     0     0     0     0     0     0     0     0     2     ]
#32   : 2012  1     22564 [ 0     0     1     1     1     0     1     1     1     1     1     0     0     0     ]
#33   : 6132  2     8204  [ 0     0     1     0     1     1     1     1     1     1     1     0     1     0     ]
#34   : 32768 1     0     [ 0     0     0     0     0     0     0     0     0     0     0     0     0     4     ]
#35   : 2     2     2047  [ 2     0     0     0     0     0     0     0     0     0     0     0     0     0     ]
#36   : 2     2     10239 [ 2     0     0     0     0     0     0     0     0     0     0     0     0     0     ]
#37   : 1     1     18431 [ 1     0     0     0     0     0     0     0     0     0     0     0     0     0     ]
#38   : 2     2     6143  [ 2     0     0     0     0     0     0     0     0     0     0     0     0     0     ]
#39   : 1     1     14335 [ 1     0     0     0     0     0     0     0     0     0     0     0     0     0     ]
#40   : 8194  3     2047  [ 2     0     0     0     0     0     0     0     0     0     0     0     0     1     ]
#41   : 30721 1     2047  [ 1     0     0     0     0     0     0     0     0     0     0     1     1     3     ]
#42   : 30721 1     2047  [ 1     0     0     0     0     0     0     0     0     0     0     1     1     3     ]
#43   : 30721 1     2047  [ 1     0     0     0     0     0     0     0     0     0     0     1     1     3     ]
#44   : 30721 1     2047  [ 1     0     0     0     0     0     0     0     0     0     0     1     1     3     ]
#45   : 28674 1     4094  [ 0     1     0     0     0     0     0     0     0     0     0     0     1     3     ]
#46   : 30721 1     2047  [ 1     0     0     0     0     0     0     0     0     0     0     1     1     3     ]
#47   : 30721 1     2047  [ 1     0     0     0     0     0     0     0     0     0     0     1     1     3     ]
#48   : 6114  2     18464 [ 0     1     0     0     0     1     1     1     1     1     1     0     1     0     ]
#49   : 31224 2     1032  [ 0     0     0     1     1     1     1     1     1     0     0     1     1     3     ]
#50   : 32768 1     0     [ 0     0     0     0     0     0     0     0     0     0     0     0     0     4     ]
#51   : 32768 1     0     [ 0     0     0     0     0     0     0     0     0     0     0     0     0     4     ]
#52   : 32768 1     0     [ 0     0     0     0     0     0     0     0     0     0     0     0     0     4     ]
#53   : 32768 1     0     [ 0     0     0     0     0     0     0     0     0     0     0     0     0     4     ]
#54   : 32768 1     0     [ 0     0     0     0     0     0     0     0     0     0     0     0     0     4     ]
#55   : 32768 1     0     [ 0     0     0     0     0     0     0     0     0     0     0     0     0     4     ]
#56   : 32768 1     0     [ 0     0     0     0     0     0     0     0     0     0     0     0     0     4     ]
#57   : 32768 1     0     [ 0     0     0     0     0     0     0     0     0     0     0     0     0     4     ]
#58   : 32768 1     0     [ 0     0     0     0     0     0     0     0     0     0     0     0     0     4     ]
#59   : 32768 1     0     [ 0     0     0     0     0     0     0     0     0     0     0     0     0     4     ]
#60   : 32768 1     0     [ 0     0     0     0     0     0     0     0     0     0     0     0     0     4     ]
#61   : 32768 1     0     [ 0     0     0     0     0     0     0     0     0     0     0     0     0     4     ]
#62   : 32768 1     0     [ 0     0     0     0     0     0     0     0     0     0     0     0     0     4     ]
#63   : 32768 1     0     [ 0     0     0     0     0     0     0     0     0     0     0     0     0     4     ]
#64   : 24544 1     8224  [ 0     0     0     0     0     1     1     1     1     1     1     1     1     2     ]
#65   : 32768 1     0     [ 0     0     0     0     0     0     0     0     0     0     0     0     0     4     ]
#66   : 32768 1     0     [ 0     0     0     0     0     0     0     0     0     0     0     0     0     4     ]
#67   : 32768 1     0     [ 0     0     0     0     0     0     0     0     0     0     0     0     0     4     ]
#68   : 32768 1     0     [ 0     0     0     0     0     0     0     0     0     0     0     0     0     4     ]
#69   : 32768 1     0     [ 0     0     0     0     0     0     0     0     0     0     0     0     0     4     ]
#70   : 32768 1     0     [ 0     0     0     0     0     0     0     0     0     0     0     0     0     4     ]
#71   : 32768 1     0     [ 0     0     0     0     0     0     0     0     0     0     0     0     0     4     ]
#72   : 32768 1     0     [ 0     0     0     0     0     0     0     0     0     0     0     0     0     4     ]
#73   : 32768 1     0     [ 0     0     0     0     0     0     0     0     0     0     0     0     0     4     ]
#74   : 32768 1     0     [ 0     0     0     0     0     0     0     0     0     0     0     0     0     4     ]
#75   : 32768 1     0     [ 0     0     0     0     0     0     0     0     0     0     0     0     0     4     ]
#76   : 32768 1     0     [ 0     0     0     0     0     0     0     0     0     0     0     0     0     4     ]
#77   : 32768 1     0     [ 0     0     0     0     0     0     0     0     0     0     0     0     0     4     ]
#78   : 32768 1     0     [ 0     0     0     0     0     0     0     0     0     0     0     0     0     4     ]
#79   : 32768 1     0     [ 0     0     0     0     0     0     0     0     0     0     0     0     0     4     ]
#80   : 24544 1     8224  [ 0     0     0     0     0     1     1     1     1     1     1     1     1     2     ]
#81   : 31736 1     1032  [ 0     0     0     1     1     1     1     1     1     1     0     1     1     3     ]
#82   : 32768 1     0     [ 0     0     0     0     0     0     0     0     0     0     0     0     0     4     ]
#83   : 32768 1     0     [ 0     0     0     0     0     0     0     0     0     0     0     0     0     4     ]
#84   : 32768 1     0     [ 0     0     0     0     0     0     0     0     0     0     0     0     0     4     ]
#85   : 32768 1     0     [ 0     0     0     0     0     0     0     0     0     0     0     0     0     4     ]
#86   : 32768 1     0     [ 0     0     0     0     0     0     0     0     0     0     0     0     0     4     ]
#87   : 32768 1     0     [ 0     0     0     0     0     0     0     0     0     0     0     0     0     4     ]
#88   : 32768 1     0     [ 0     0     0     0     0     0     0     0     0     0     0     0     0     4     ]
#89   : 32768 1     0     [ 0     0     0     0     0     0     0     0     0     0     0     0     0     4     ]
#90   : 32768 1     0     [ 0     0     0     0     0     0     0     0     0     0     0     0     0     4     ]
#91   : 32768 1     0     [ 0     0     0     0     0     0     0     0     0     0     0     0     0     4     ]
#92   : 32768 1     0     [ 0     0     0     0     0     0     0     0     0     0     0     0     0     4     ]
#93   : 32768 1     0     [ 0     0     0     0     0     0     0     0     0     0     0     0     0     4     ]
#94   : 32768 1     0     [ 0     0     0     0     0     0     0     0     0     0     0     0     0     4     ]
#95   : 32768 1     0     [ 0     0     0     0     0     0     0     0     0     0     0     0     0     4     ]
#96   : 24544 1     8224  [ 0     0     0     0     0     1     1     1     1     1     1     1     1     2     ]
#97   : 32768 1     0     [ 0     0     0     0     0     0     0     0     0     0     0     0     0     4     ]
#98   : 32768 1     0     [ 0     0     0     0     0     0     0     0     0     0     0     0     0     4     ]
#99   : 32768 1     0     [ 0     0     0     0     0     0     0     0     0     0     0     0     0     4     ]
#100  : 32768 1     0     [ 0     0     0     0     0     0     0     0     0     0     0     0     0     4     ]
#101  : 32768 1     0     [ 0     0     0     0     0     0     0     0     0     0     0     0     0     4     ]
#102  : 32768 1     0     [ 0     0     0     0     0     0     0     0     0     0     0     0     0     4     ]
#103  : 32768 1     0     [ 0     0     0     0     0     0     0     0     0     0     0     0     0     4     ]
#104  : 32768 1     0     [ 0     0     0     0     0     0     0     0     0     0     0     0     0     4     ]
#105  : 32768 1     0     [ 0     0     0     0     0     0     0     0     0     0     0     0     0     4     ]
#106  : 32768 1     0     [ 0     0     0     0     0     0     0     0     0     0     0     0     0     4     ]
#107  : 32768 1     0     [ 0     0     0     0     0     0     0     0     0     0     0     0     0     4     ]
#108  : 32768 1     0     [ 0     0     0     0     0     0     0     0     0     0     0     0     0     4     ]
#109  : 32768 1     0     [ 0     0     0     0     0     0     0     0     0     0     0     0     0     4     ]
#110  : 32768 1     0     [ 0     0     0     0     0     0     0     0     0     0     0     0     0     4     ]
#111  : 32768 1     0     [ 0     0     0     0     0     0     0     0     0     0     0     0     0     4     ]
#112  : 24544 1     8224  [ 0     0     0     0     0     1     1     1     1     1     1     1     1     2     ]
#113  : 32768 1     0     [ 0     0     0     0     0     0     0     0     0     0     0     0     0     4     ]
#114  : 32768 1     0     [ 0     0     0     0     0     0     0     0     0     0     0     0     0     4     ]
#115  : 32768 1     0     [ 0     0     0     0     0     0     0     0     0     0     0     0     0     4     ]
#116  : 32768 1     0     [ 0     0     0     0     0     0     0     0     0     0     0     0     0     4     ]
#117  : 32768 1     0     [ 0     0     0     0     0     0     0     0     0     0     0     0     0     4     ]
#118  : 32768 1     0     [ 0     0     0     0     0     0     0     0     0     0     0     0     0     4     ]
#119  : 32768 1     0     [ 0     0     0     0     0     0     0     0     0     0     0     0     0     4     ]
#120  : 32768 1     0     [ 0     0     0     0     0     0     0     0     0     0     0     0     0     4     ]
#121  : 32768 1     0     [ 0     0     0     0     0     0     0     0     0     0     0     0     0     4     ]
#122  : 32768 1     0     [ 0     0     0     0     0     0     0     0     0     0     0     0     0     4     ]
#123  : 32768 1     0     [ 0     0     0     0     0     0     0     0     0     0     0     0     0     4     ]
#124  : 32768 1     0     [ 0     0     0     0     0     0     0     0     0     0     0     0     0     4     ]
#125  : 31736 1     1032  [ 0     0     0     1     1     1     1     1     1     1     0     1     1     3     ]
#126  : 32768 1     0     [ 0     0     0     0     0     0     0     0     0     0     0     0     0     4     ]
#127  : 32768 1     0     [ 0     0     0     0     0     0     0     0     0     0     0     0     0     4     ]
#128  : 24544 1     8224  [ 0     0     0     0     0     1     1     1     1     1     1     1     1     2     ]
#129  : 32768 1     0     [ 0     0     0     0     0     0     0     0     0     0     0     0     0     4     ]
#130  : 32768 1     0     [ 0     0     0     0     0     0     0     0     0     0     0     0     0     4     ]
#131  : 32768 1     0     [ 0     0     0     0     0     0     0     0     0     0     0     0     0     4     ]
#132  : 32768 1     0     [ 0     0     0     0     0     0     0     0     0     0     0     0     0     4     ]
#133  : 32768 1     0     [ 0     0     0     0     0     0     0     0     0     0     0     0     0     4     ]
#134  : 32768 1     0     [ 0     0     0     0     0     0     0     0     0     0     0     0     0     4     ]
#135  : 32768 1     0     [ 0     0     0     0     0     0     0     0     0     0     0     0     0     4     ]
#136  : 32768 1     0     [ 0     0     0     0     0     0     0     0     0     0     0     0     0     4     ]
#137  : 32768 1     0     [ 0     0     0     0     0     0     0     0     0     0     0     0     0     4     ]
#138  : 32768 1     0     [ 0     0     0     0     0     0     0     0     0     0     0     0     0     4     ]
#139  : 32768 1     0     [ 0     0     0     0     0     0     0     0     0     0     0     0     0     4     ]
#140  : 32768 1     0     [ 0     0     0     0     0     0     0     0     0     0     0     0     0     4     ]
#141  : 32768 1     0     [ 0     0     0     0     0     0     0     0     0     0     0     0     0     4     ]
#142  : 32768 1     0     [ 0     0     0     0     0     0     0     0     0     0     0     0     0     4     ]
#143  : 32768 1     0     [ 0     0     0     0     0     0     0     0     0     0     0     0     0     4     ]
#144  : 24544 1     8224  [ 0     0     0     0     0     1     1     1     1     1     1     1     1     2     ]
#145  : 32768 1     0     [ 0     0     0     0     0     0     0     0     0     0     0     0     0     4     ]
#146  : 32768 1     0     [ 0     0     0     0     0     0     0     0     0     0     0     0     0     4     ]
#147  : 32768 1     0     [ 0     0     0     0     0     0     0     0     0     0     0     0     0     4     ]
#148  : 32768 1     0     [ 0     0     0     0     0     0     0     0     0     0     0     0     0     4     ]
#149  : 32768 1     0     [ 0     0     0     0     0     0     0     0     0     0     0     0     0     4     ]
#150  : 32768 1     0     [ 0     0     0     0     0     0     0     0     0     0     0     0     0     4     ]
#151  : 32768 1     0     [ 0     0     0     0     0     0     0     0     0     0     0     0     0     4     ]
#152  : 32768 1     0     [ 0     0     0     0     0     0     0     0     0     0     0     0     0     4     ]
#153  : 32768 1     0     [ 0     0     0     0     0     0     0     0     0     0     0     0     0     4     ]
#154  : 32768 1     0     [ 0     0     0     0     0     0     0     0     0     0     0     0     0     4     ]
#155  : 32768 1     0     [ 0     0     0     0     0     0     0     0     0     0     0     0     0     4     ]
#156  : 32768 1     0     [ 0     0     0     0     0     0     0     0     0     0     0     0     0     4     ]
#157  : 32768 1     0     [ 0     0     0     0     0     0     0     0     0     0     0     0     0     4     ]
#158  : 32768 1     0     [ 0     0     0     0     0     0     0     0     0     0     0     0     0     4     ]
#159  : 32768 1     0     [ 0     0     0     0     0     0     0     0     0     0     0     0     0     4     ]
#160  : 24544 1     8224  [ 0     0     0     0     0     1     1     1     1     1     1     1     1     2     ]
#161  : 32768 1     0     [ 0     0     0     0     0     0     0     0     0     0     0     0     0     4     ]
#162  : 32768 1     0     [ 0     0     0     0     0     0     0     0     0     0     0     0     0     4     ]
#163  : 32768 1     0     [ 0     0     0     0     0     0     0     0     0     0     0     0     0     4     ]
#164  : 32768 1     0     [ 0     0     0     0     0     0     0     0     0     0     0     0     0     4     ]
#165  : 32768 1     0     [ 0     0     0     0     0     0     0     0     0     0     0     0     0     4     ]
#166  : 32768 1     0     [ 0     0     0     0     0     0     0     0     0     0     0     0     0     4     ]
#167  : 32768 1     0     [ 0     0     0     0     0     0     0     0     0     0     0     0     0     4     ]
#168  : 32768 1     0     [ 0     0     0     0     0     0     0     0     0     0     0     0     0     4     ]
#169  : 32768 1     0     [ 0     0     0     0     0     0     0     0     0     0     0     0     0     4     ]
#170  : 32768 1     0     [ 0     0     0     0     0     0     0     0     0     0     0     0     0     4     ]
#171  : 32768 1     0     [ 0     0     0     0     0     0     0     0     0     0     0     0     0     4     ]
#172  : 32768 1     0     [ 0     0     0     0     0     0     0     0     0     0     0     0     0     4     ]
#173  : 32768 1     0     [ 0     0     0     0     0     0     0     0     0     0     0     0     0     4     ]
#174  : 32768 1     0     [ 0     0     0     0     0     0     0     0     0     0     0     0     0     4     ]
#175  : 32768 1     0     [ 0     0     0     0     0     0     0     0     0     0     0     0     0     4     ]
#176  : 24544 1     8224  [ 0     0     0     0     0     1     1     1     1     1     1     1     1     2     ]
#177  : 32768 1     0     [ 0     0     0     0     0     0     0     0     0     0     0     0     0     4     ]
#178  : 32768 1     0     [ 0     0     0     0     0     0     0     0     0     0     0     0     0     4     ]
#179  : 32768 1     0     [ 0     0     0     0     0     0     0     0     0     0     0     0     0     4     ]
#180  : 32768 1     0     [ 0     0     0     0     0     0     0     0     0     0     0     0     0     4     ]
#181  : 32768 1     0     [ 0     0     0     0     0     0     0     0     0     0     0     0     0     4     ]
#182  : 32768 1     0     [ 0     0     0     0     0     0     0     0     0     0     0     0     0     4     ]
#183  : 32768 1     0     [ 0     0     0     0     0     0     0     0     0     0     0     0     0     4     ]
#184  : 32768 1     0     [ 0     0     0     0     0     0     0     0     0     0     0     0     0     4     ]
#185  : 32768 1     0     [ 0     0     0     0     0     0     0     0     0     0     0     0     0     4     ]
#186  : 32768 1     0     [ 0     0     0     0     0     0     0     0     0     0     0     0     0     4     ]
#187  : 32768 1     0     [ 0     0     0     0     0     0     0     0     0     0     0     0     0     4     ]
#188  : 32768 1     0     [ 0     0     0     0     0     0     0     0     0     0     0     0     0     4     ]
#189  : 32768 1     0     [ 0     0     0     0     0     0     0     0     0     0     0     0     0     4     ]
#190  : 32768 1     0     [ 0     0     0     0     0     0     0     0     0     0     0     0     0     4     ]
#191  : 32768 1     0     [ 0     0     0     0     0     0     0     0     0     0     0     0     0     4     ]
#192  : 24544 1     8224  [ 0     0     0     0     0     1     1     1     1     1     1     1     1     2     ]
#193  : 32768 1     0     [ 0     0     0     0     0     0     0     0     0     0     0     0     0     4     ]
#194  : 32768 1     0     [ 0     0     0     0     0     0     0     0     0     0     0     0     0     4     ]
#195  : 32768 1     0     [ 0     0     0     0     0     0     0     0     0     0     0     0     0     4     ]
#196  : 32768 1     0     [ 0     0     0     0     0     0     0     0     0     0     0     0     0     4     ]
#197  : 32768 1     0     [ 0     0     0     0     0     0     0     0     0     0     0     0     0     4     ]
#198  : 32768 1     0     [ 0     0     0     0     0     0     0     0     0     0     0     0     0     4     ]
#199  : 32768 1     0     [ 0     0     0     0     0     0     0     0     0     0     0     0     0     4     ]
#200  : 32768 1     0     [ 0     0     0     0     0     0     0     0     0     0     0     0     0     4     ]
#201  : 32768 1     0     [ 0     0     0     0     0     0     0     0     0     0     0     0     0     4     ]
#202  : 32768 1     0     [ 0     0     0     0     0     0     0     0     0     0     0     0     0     4     ]
#203  : 32768 1     0     [ 0     0     0     0     0     0     0     0     0     0     0     0     0     4     ]
#204  : 32768 1     0     [ 0     0     0     0     0     0     0     0     0     0     0     0     0     4     ]
#205  : 32768 1     0     [ 0     0     0     0     0     0     0     0     0     0     0     0     0     4     ]
#206  : 32768 1     0     [ 0     0     0     0     0     0     0     0     0     0     0     0     0     4     ]
#207  : 32768 1     0     [ 0     0     0     0     0     0     0     0     0     0     0     0     0     4     ]
#208  : 24544 1     8224  [ 0     0     0     0     0     1     1     1     1     1     1     1     1     2     ]
#209  : 0     0     32768 [ 0     0     0     0     0     0     0     0     0     0     0     0     0     0     ]
#210  : 0     0     32768 [ 0     0     0     0     0     0     0     0     0     0     0     0     0     0     ]
#211  : 32768 1     0     [ 0     0     0     0     0     0     0     0     0     0     0     0     0     4     ]
#212  : 32768 1     0     [ 0     0     0     0     0     0     0     0     0     0     0     0     0     4     ]
#213  : 32768 1     0     [ 0     0     0     0     0     0     0     0     0     0     0     0     0     4     ]
#214  : 32768 1     0     [ 0     0     0     0     0     0     0     0     0     0     0     0     0     4     ]
#215  : 32768 1     0     [ 0     0     0     0     0     0     0     0     0     0     0     0     0     4     ]
#216  : 32768 1     0     [ 0     0     0     0     0     0     0     0     0     0     0     0     0     4     ]
#217  : 32768 1     0     [ 0     0     0     0     0     0     0     0     0     0     0     0     0     4     ]
#218  : 32768 1     0     [ 0     0     0     0     0     0     0     0     0     0     0     0     0     4     ]
#219  : 32768 1     0     [ 0     0     0     0     0     0     0     0     0     0     0     0     0     4     ]
#220  : 32768 1     0     [ 0     0     0     0     0     0     0     0     0     0     0     0     0     4     ]
#221  : 32768 1     0     [ 0     0     0     0     0     0     0     0     0     0     0     0     0     4     ]
#222  : 32768 1     0     [ 0     0     0     0     0     0     0     0     0     0     0     0     0     4     ]
#223  : 32768 1     0     [ 0     0     0     0     0     0     0     0     0     0     0     0     0     4     ]
#224  : 24544 1     8224  [ 0     0     0     0     0     1     1     1     1     1     1     1     1     2     ]
#225  : 32768 1     0     [ 0     0     0     0     0     0     0     0     0     0     0     0     0     4     ]
#226  : 32768 1     0     [ 0     0     0     0     0     0     0     0     0     0     0     0     0     4     ]
#227  : 32768 1     0     [ 0     0     0     0     0     0     0     0     0     0     0     0     0     4     ]
#228  : 32768 1     0     [ 0     0     0     0     0     0     0     0     0     0     0     0     0     4     ]
#229  : 32768 1     0     [ 0     0     0     0     0     0     0     0     0     0     0     0     0     4     ]
#230  : 32768 1     0     [ 0     0     0     0     0     0     0     0     0     0     0     0     0     4     ]
#231  : 32768 1     0     [ 0     0     0     0     0     0     0     0     0     0     0     0     0     4     ]
#232  : 32768 1     0     [ 0     0     0     0     0     0     0     0     0     0     0     0     0     4     ]
#233  : 32768 1     0     [ 0     0     0     0     0     0     0     0     0     0     0     0     0     4     ]
#234  : 32768 1     0     [ 0     0     0     0     0     0     0     0     0     0     0     0     0     4     ]
#235  : 32768 1     0     [ 0     0     0     0     0     0     0     0     0     0     0     0     0     4     ]
#236  : 32768 1     0     [ 0     0     0     0     0     0     0     0     0     0     0     0     0     4     ]
#237  : 32768 1     0     [ 0     0     0     0     0     0     0     0     0     0     0     0     0     4     ]
#238  : 32768 1     0     [ 0     0     0     0     0     0     0     0     0     0     0     0     0     4     ]
#239  : 32768 1     0     [ 0     0     0     0     0     0     0     0     0     0     0     0     0     4     ]
#240  : 24544 1     8224  [ 0     0     0     0     0     1     1     1     1     1     1     1     1     2     ]
#241  : 32768 1     0     [ 0     0     0     0     0     0     0     0     0     0     0     0     0     4     ]
#242  : 32768 1     0     [ 0     0     0     0     0     0     0     0     0     0     0     0     0     4     ]
#243  : 31736 1     1032  [ 0     0     0     1     1     1     1     1     1     1     0     1     1     3     ]
#244  : 32768 1     0     [ 0     0     0     0     0     0     0     0     0     0     0     0     0     4     ]
#245  : 32768 1     0     [ 0     0     0     0     0     0     0     0     0     0     0     0     0     4     ]
#246  : 32768 1     0     [ 0     0     0     0     0     0     0     0     0     0     0     0     0     4     ]
#247  : 32768 1     0     [ 0     0     0     0     0     0     0     0     0     0     0     0     0     4     ]
#248  : 32768 1     0     [ 0     0     0     0     0     0     0     0     0     0     0     0     0     4     ]
#249  : 32768 1     0     [ 0     0     0     0     0     0     0     0     0     0     0     0     0     4     ]
#250  : 32768 1     0     [ 0     0     0     0     0     0     0     0     0     0     0     0     0     4     ]
#251  : 32768 1     0     [ 0     0     0     0     0     0     0     0     0     0     0     0     0     4     ]
#252  : 32768 1     0     [ 0     0     0     0     0     0     0     0     0     0     0     0     0     4     ]
#253  : 32768 1     0     [ 0     0     0     0     0     0     0     0     0     0     0     0     0     4     ]
#254  : 32768 1     0     [ 0     0     0     0     0     0     0     0     0     0     0     0     0     4     ]
#255  : 32768 1     0     [ 0     0     0     0     0     0     0     0     0     0     0     0     0     4     ]
#256  : 24544 1     8224  [ 0     0     0     0     0     1     1     1     1     1     1     1     1     2     ]
#257  : 32768 1     0     [ 0     0     0     0     0     0     0     0     0     0     0     0     0     4     ]
#258  : 32768 1     0     [ 0     0     0     0     0     0     0     0     0     0     0     0     0     4     ]
#259  : 32768 1     0     [ 0     0     0     0     0     0     0     0     0     0     0     0     0     4     ]
#260  : 32768 1     0     [ 0     0     0     0     0     0     0     0     0     0     0     0     0     4     ]
#261  : 32768 1     0     [ 0     0     0     0     0     0     0     0     0     0     0     0     0     4     ]
#262  : 32768 1     0     [ 0     0     0     0     0     0     0     0     0     0     0     0     0     4     ]
#263  : 32768 1     0     [ 0     0     0     0     0     0     0     0     0     0     0     0     0     4     ]
#264  : 32768 1     0     [ 0     0     0     0     0     0     0     0     0     0     0     0     0     4     ]
#265  : 32768 1     0     [ 0     0     0     0     0     0     0     0     0     0     0     0     0     4     ]
#266  : 32768 1     0     [ 0     0     0     0     0     0     0     0     0     0     0     0     0     4     ]
#267  : 32768 1     0     [ 0     0     0     0     0     0     0     0     0     0     0     0     0     4     ]
#268  : 32768 1     0     [ 0     0     0     0     0     0     0     0     0     0     0     0     0     4     ]
#269  : 32768 1     0     [ 0     0     0     0     0     0     0     0     0     0     0     0     0     4     ]
#270  : 32768 1     0     [ 0     0     0     0     0     0     0     0     0     0     0     0     0     4     ]
#271  : 32768 1     0     [ 0     0     0     0     0     0     0     0     0     0     0     0     0     4     ]
#272  : 24544 1     8224  [ 0     0     0     0     0     1     1     1     1     1     1     1     1     2     ]
#273  : 32768 1     0     [ 0     0     0     0     0     0     0     0     0     0     0     0     0     4     ]
#274  : 32768 1     0     [ 0     0     0     0     0     0     0     0     0     0     0     0     0     4     ]
#275  : 32768 1     0     [ 0     0     0     0     0     0     0     0     0     0     0     0     0     4     ]
#276  : 32768 1     0     [ 0     0     0     0     0     0     0     0     0     0     0     0     0     4     ]
#277  : 32768 1     0     [ 0     0     0     0     0     0     0     0     0     0     0     0     0     4     ]
#278  : 32768 1     0     [ 0     0     0     0     0     0     0     0     0     0     0     0     0     4     ]
#279  : 32768 1     0     [ 0     0     0     0     0     0     0     0     0     0     0     0     0     4     ]
#280  : 32768 1     0     [ 0     0     0     0     0     0     0     0     0     0     0     0     0     4     ]
#281  : 32768 1     0     [ 0     0     0     0     0     0     0     0     0     0     0     0     0     4     ]
#282  : 32768 1     0     [ 0     0     0     0     0     0     0     0     0     0     0     0     0     4     ]
#283  : 32768 1     0     [ 0     0     0     0     0     0     0     0     0     0     0     0     0     4     ]
#284  : 32768 1     0     [ 0     0     0     0     0     0     0     0     0     0     0     0     0     4     ]
#285  : 32768 1     0     [ 0     0     0     0     0     0     0     0     0     0     0     0     0     4     ]
#286  : 32768 1     0     [ 0     0     0     0     0     0     0     0     0     0     0     0     0     4     ]
#287  : 32768 1     0     [ 0     0     0     0     0     0     0     0     0     0     0     0     0     4     ]
#288  : 24544 1     8224  [ 0     0     0     0     0     1     1     1     1     1     1     1     1     2     ]
#289  : 32768 1     0     [ 0     0     0     0     0     0     0     0     0     0     0     0     0     4     ]
#290  : 32768 1     0     [ 0     0     0     0     0     0     0     0     0     0     0     0     0     4     ]
#291  : 32768 1     0     [ 0     0     0     0     0     0     0     0     0     0     0     0     0     4     ]
#292  : 32768 1     0     [ 0     0     0     0     0     0     0     0     0     0     0     0     0     4     ]
#293  : 32768 1     0     [ 0     0     0     0     0     0     0     0     0     0     0     0     0     4     ]
#294  : 32768 1     0     [ 0     0     0     0     0     0     0     0     0     0     0     0     0     4     ]
#295  : 32768 1     0     [ 0     0     0     0     0     0     0     0     0     0     0     0     0     4     ]
#296  : 32768 1     0     [ 0     0     0     0     0     0     0     0     0     0     0     0     0     4     ]
#297  : 32768 1     0     [ 0     0     0     0     0     0     0     0     0     0     0     0     0     4     ]
#298  : 32768 1     0     [ 0     0     0     0     0     0     0     0     0     0     0     0     0     4     ]
#299  : 32768 1     0     [ 0     0     0     0     0     0     0     0     0     0     0     0     0     4     ]
#300  : 32768 1     0     [ 0     0     0     0     0     0     0     0     0     0     0     0     0     4     ]
#301  : 32768 1     0     [ 0     0     0     0     0     0     0     0     0     0     0     0     0     4     ]
#302  : 32768 1     0     [ 0     0     0     0     0     0     0     0     0     0     0     0     0     4     ]
#303  : 32768 1     0     [ 0     0     0     0     0     0     0     0     0     0     0     0     0     4     ]
#304  : 24544 1     8224  [ 0     0     0     0     0     1     1     1     1     1     1     1     1     2     ]
#305  : 32768 1     0     [ 0     0     0     0     0     0     0     0     0     0     0     0     0     4     ]
#306  : 32768 1     0     [ 0     0     0     0     0     0     0     0     0     0     0     0     0     4     ]
#307  : 32768 1     0     [ 0     0     0     0     0     0     0     0     0     0     0     0     0     4     ]
#308  : 32768 1     0     [ 0     0     0     0     0     0     0     0     0     0     0     0     0     4     ]
#309  : 32768 1     0     [ 0     0     0     0     0     0     0     0     0     0     0     0     0     4     ]
#310  : 32768 1     0     [ 0     0     0     0     0     0     0     0     0     0     0     0     0     4     ]
#311  : 32768 1     0     [ 0     0     0     0     0     0     0     0     0     0     0     0     0     4     ]
#312  : 32768 1     0     [ 0     0     0     0     0     0     0     0     0     0     0     0     0     4     ]
#313  : 32768 1     0     [ 0     0     0     0     0     0     0     0     0     0     0     0     0     4     ]
#314  : 32768 1     0     [ 0     0     0     0     0     0     0     0     0     0     0     0     0     4     ]
#315  : 32768 1     0     [ 0     0     0     0     0     0     0     0     0     0     0     0     0     4     ]
#316  : 32768 1     0     [ 0     0     0     0     0     0     0     0     0     0     0     0     0     4     ]
#317  : 32768 1     0     [ 0     0     0     0     0     0     0     0     0     0     0     0     0     4     ]
#318  : 32768 1     0     [ 0     0     0     0     0     0     0     0     0     0     0     0     0     4     ]
#319  : 32768 1     0     [ 0     0     0     0     0     0     0     0     0     0     0     0     0     4     ]
#320  : 24539 1     8229  [ 1     1     0     1     1     0     1     1     1     1     1     1     1     2     ]
#321  : 32751 3     8     [ 1     1     1     3     3     3     3     3     3     1     0     1     1     3     ]
#322  : 32766 2     1     [ 2     2     2     2     2     2     2     2     2     0     1     1     1     3     ]
#323  : 32767 1     1     [ 1     1     1     1     1     1     1     1     1     1     1     1     1     3     ]
#324  : 32767 1     1     [ 1     1     1     1     1     1     1     1     1     1     1     1     1     3     ]
#325  : 32767 1     1     [ 1     1     1     1     1     1     1     1     1     1     1     1     1     3     ]
#326  : 32767 1     1     [ 1     1     1     1     1     1     1     1     1     1     1     1     1     3     ]
#327  : 32767 1     1     [ 1     1     1     1     1     1     1     1     1     1     1     1     1     3     ]
#328  : 32767 1     1     [ 1     1     1     1     1     1     1     1     1     1     1     1     1     3     ]
#329  : 32767 1     1     [ 1     1     1     1     1     1     1     1     1     1     1     1     1     3     ]
#330  : 32767 1     1     [ 1     1     1     1     1     1     1     1     1     1     1     1     1     3     ]
#331  : 32767 1     1     [ 1     1     1     1     1     1     1     1     1     1     1     1     1     3     ]
#332  : 32767 1     1     [ 1     1     1     1     1     1     1     1     1     1     1     1     1     3     ]
#333  : 32767 1     1     [ 1     1     1     1     1     1     1     1     1     1     1     1     1     3     ]
#334  : 32767 1     1     [ 1     1     1     1     1     1     1     1     1     1     1     1     1     3     ]
#335  : 32766 1     2     [ 0     1     1     1     1     1     1     1     1     1     1     1     1     3     ]
#336  : 24481 1     8287  [ 1     0     0     0     0     1     0     1     1     1     1     1     1     2     ]
#337  : 32765 3     1     [ 3     3     3     3     3     3     3     3     3     1     0     1     1     3     ]
#338  : 32767 1     1     [ 1     1     1     1     1     1     1     1     1     1     1     1     1     3     ]
#339  : 32767 1     1     [ 1     1     1     1     1     1     1     1     1     1     1     1     1     3     ]
#340  : 32767 1     1     [ 1     1     1     1     1     1     1     1     1     1     1     1     1     3     ]
#341  : 32767 1     1     [ 1     1     1     1     1     1     1     1     1     1     1     1     1     3     ]
#342  : 32767 1     1     [ 1     1     1     1     1     1     1     1     1     1     1     1     1     3     ]
#343  : 31735 2     1032  [ 1     1     1     2     2     2     2     2     2     0     0     1     1     3     ]
#344  : 32767 1     1     [ 1     1     1     1     1     1     1     1     1     1     1     1     1     3     ]
#345  : 32767 1     1     [ 1     1     1     1     1     1     1     1     1     1     1     1     1     3     ]
#346  : 32767 1     1     [ 1     1     1     1     1     1     1     1     1     1     1     1     1     3     ]
#347  : 32767 1     1     [ 1     1     1     1     1     1     1     1     1     1     1     1     1     3     ]
#348  : 32767 1     1     [ 1     1     1     1     1     1     1     1     1     1     1     1     1     3     ]
#349  : 32767 1     1     [ 1     1     1     1     1     1     1     1     1     1     1     1     1     3     ]
#350  : 32767 1     1     [ 1     1     1     1     1     1     1     1     1     1     1     1     1     3     ]
#351  : 32767 1     1     [ 1     1     1     1     1     1     1     1     1     1     1     1     1     3     ]
#352  : 24544 1     8224  [ 0     0     0     0     0     1     1     1     1     1     1     1     1     2     ]
#353  : 32766 2     1     [ 2     2     2     2     2     2     2     2     2     0     1     1     1     3     ]
#354  : 32767 1     1     [ 1     1     1     1     1     1     1     1     1     1     1     1     1     3     ]
#355  : 32767 1     1     [ 1     1     1     1     1     1     1     1     1     1     1     1     1     3     ]
#356  : 32767 1     1     [ 1     1     1     1     1     1     1     1     1     1     1     1     1     3     ]
#357  : 32767 1     1     [ 1     1     1     1     1     1     1     1     1     1     1     1     1     3     ]
#358  : 32767 1     1     [ 1     1     1     1     1     1     1     1     1     1     1     1     1     3     ]
#359  : 32767 1     1     [ 1     1     1     1     1     1     1     1     1     1     1     1     1     3     ]
#360  : 32767 1     1     [ 1     1     1     1     1     1     1     1     1     1     1     1     1     3     ]
#361  : 32767 1     1     [ 1     1     1     1     1     1     1     1     1     1     1     1     1     3     ]
#362  : 32767 1     1     [ 1     1     1     1     1     1     1     1     1     1     1     1     1     3     ]
#363  : 32767 1     1     [ 1     1     1     1     1     1     1     1     1     1     1     1     1     3     ]
#364  : 32767 1     1     [ 1     1     1     1     1     1     1     1     1     1     1     1     1     3     ]
#365  : 32767 1     1     [ 1     1     1     1     1     1     1     1     1     1     1     1     1     3     ]
#366  : 32767 1     1     [ 1     1     1     1     1     1     1     1     1     1     1     1     1     3     ]
#367  : 32767 1     1     [ 1     1     1     1     1     1     1     1     1     1     1     1     1     3     ]
#368  : 24544 1     8224  [ 0     0     0     0     0     1     1     1     1     1     1     1     1     2     ]
#369  : 32767 1     1     [ 1     1     1     1     1     1     1     1     1     1     1     1     1     3     ]
#370  : 32761 3     3     [ 3     1     3     3     3     3     3     3     3     1     0     1     1     3     ]
#371  : 32767 1     1     [ 1     1     1     1     1     1     1     1     1     1     1     1     1     3     ]
#372  : 32767 1     1     [ 1     1     1     1     1     1     1     1     1     1     1     1     1     3     ]
#373  : 32767 1     1     [ 1     1     1     1     1     1     1     1     1     1     1     1     1     3     ]
#374  : 32767 1     1     [ 1     1     1     1     1     1     1     1     1     1     1     1     1     3     ]
#375  : 32767 1     1     [ 1     1     1     1     1     1     1     1     1     1     1     1     1     3     ]
#376  : 32767 1     1     [ 1     1     1     1     1     1     1     1     1     1     1     1     1     3     ]
#377  : 32767 1     1     [ 1     1     1     1     1     1     1     1     1     1     1     1     1     3     ]
#378  : 32767 1     1     [ 1     1     1     1     1     1     1     1     1     1     1     1     1     3     ]
#379  : 32767 1     1     [ 1     1     1     1     1     1     1     1     1     1     1     1     1     3     ]
#380  : 32766 1     2     [ 0     1     1     1     1     1     1     1     1     1     1     1     1     3     ]
#381  : 32767 1     1     [ 1     1     1     1     1     1     1     1     1     1     1     1     1     3     ]
#382  : 32767 1     1     [ 1     1     1     1     1     1     1     1     1     1     1     1     1     3     ]
#383  : 32767 1     1     [ 1     1     1     1     1     1     1     1     1     1     1     1     1     3     ]
#384  : 24544 1     8224  [ 0     0     0     0     0     1     1     1     1     1     1     1     1     2     ]
#385  : 32767 1     1     [ 1     1     1     1     1     1     1     1     1     1     1     1     1     3     ]
#386  : 32767 1     1     [ 1     1     1     1     1     1     1     1     1     1     1     1     1     3     ]
#387  : 32767 1     1     [ 1     1     1     1     1     1     1     1     1     1     1     1     1     3     ]
#388  : 32767 1     1     [ 1     1     1     1     1     1     1     1     1     1     1     1     1     3     ]
#389  : 32767 1     1     [ 1     1     1     1     1     1     1     1     1     1     1     1     1     3     ]
#390  : 32767 1     1     [ 1     1     1     1     1     1     1     1     1     1     1     1     1     3     ]
#391  : 32767 1     1     [ 1     1     1     1     1     1     1     1     1     1     1     1     1     3     ]
#392  : 32256 1     512   [ 0     0     0     0     0     0     0     0     0     1     1     1     1     3     ]
#393  : 32768 1     0     [ 0     0     0     0     0     0     0     0     0     0     0     0     0     4     ]
#394  : 32768 1     0     [ 0     0     0     0     0     0     0     0     0     0     0     0     0     4     ]
#395  : 32768 1     0     [ 0     0     0     0     0     0     0     0     0     0     0     0     0     4     ]
#396  : 32768 1     0     [ 0     0     0     0     0     0     0     0     0     0     0     0     0     4     ]
#397  : 32768 1     0     [ 0     0     0     0     0     0     0     0     0     0     0     0     0     4     ]
#398  : 32768 1     0     [ 0     0     0     0     0     0     0     0     0     0     0     0     0     4     ]
#399  : 32768 1     0     [ 0     0     0     0     0     0     0     0     0     0     0     0     0     4     ]
#400  : 24544 1     8224  [ 0     0     0     0     0     1     1     1     1     1     1     1     1     2     ]
#401  : 32768 1     0     [ 0     0     0     0     0     0     0     0     0     0     0     0     0     4     ]
#402  : 32768 1     0     [ 0     0     0     0     0     0     0     0     0     0     0     0     0     4     ]
#403  : 32768 1     0     [ 0     0     0     0     0     0     0     0     0     0     0     0     0     4     ]
#404  : 32768 1     0     [ 0     0     0     0     0     0     0     0     0     0     0     0     0     4     ]
#405  : 32768 1     0     [ 0     0     0     0     0     0     0     0     0     0     0     0     0     4     ]
#406  : 32768 1     0     [ 0     0     0     0     0     0     0     0     0     0     0     0     0     4     ]
#407  : 32768 1     0     [ 0     0     0     0     0     0     0     0     0     0     0     0     0     4     ]
#408  : 32768 1     0     [ 0     0     0     0     0     0     0     0     0     0     0     0     0     4     ]
#409  : 32768 1     0     [ 0     0     0     0     0     0     0     0     0     0     0     0     0     4     ]
#410  : 32768 1     0     [ 0     0     0     0     0     0     0     0     0     0     0     0     0     4     ]
#411  : 32768 1     0     [ 0     0     0     0     0     0     0     0     0     0     0     0     0     4     ]
#412  : 32768 1     0     [ 0     0     0     0     0     0     0     0     0     0     0     0     0     4     ]
#413  : 32768 1     0     [ 0     0     0     0     0     0     0     0     0     0     0     0     0     4     ]
#414  : 32768 1     0     [ 0     0     0     0     0     0     0     0     0     0     0     0     0     4     ]
#415  : 32768 1     0     [ 0     0     0     0     0     0     0     0     0     0     0     0     0     4     ]
#416  : 24544 1     8224  [ 0     0     0     0     0     1     1     1     1     1     1     1     1     2     ]
#417  : 32768 1     0     [ 0     0     0     0     0     0     0     0     0     0     0     0     0     4     ]
#418  : 32768 1     0     [ 0     0     0     0     0     0     0     0     0     0     0     0     0     4     ]
#419  : 32768 1     0     [ 0     0     0     0     0     0     0     0     0     0     0     0     0     4     ]
#420  : 32768 1     0     [ 0     0     0     0     0     0     0     0     0     0     0     0     0     4     ]
#421  : 32768 1     0     [ 0     0     0     0     0     0     0     0     0     0     0     0     0     4     ]
#422  : 32768 1     0     [ 0     0     0     0     0     0     0     0     0     0     0     0     0     4     ]
#423  : 32768 1     0     [ 0     0     0     0     0     0     0     0     0     0     0     0     0     4     ]
#424  : 32768 1     0     [ 0     0     0     0     0     0     0     0     0     0     0     0     0     4     ]
#425  : 32768 1     0     [ 0     0     0     0     0     0     0     0     0     0     0     0     0     4     ]
#426  : 32768 1     0     [ 0     0     0     0     0     0     0     0     0     0     0     0     0     4     ]
#427  : 32768 1     0     [ 0     0     0     0     0     0     0     0     0     0     0     0     0     4     ]
#428  : 32768 1     0     [ 0     0     0     0     0     0     0     0     0     0     0     0     0     4     ]
#429  : 32768 1     0     [ 0     0     0     0     0     0     0     0     0     0     0     0     0     4     ]
#430  : 32768 1     0     [ 0     0     0     0     0     0     0     0     0     0     0     0     0     4     ]
#431  : 32768 1     0     [ 0     0     0     0     0     0     0     0     0     0     0     0     0     4     ]
#432  : 24544 1     8224  [ 0     0     0     0     0     1     1     1     1     1     1     1     1     2     ]
#433  : 32768 1     0     [ 0     0     0     0     0     0     0     0     0     0     0     0     0     4     ]
#434  : 32768 1     0     [ 0     0     0     0     0     0     0     0     0     0     0     0     0     4     ]
#435  : 32768 1     0     [ 0     0     0     0     0     0     0     0     0     0     0     0     0     4     ]
#436  : 32768 1     0     [ 0     0     0     0     0     0     0     0     0     0     0     0     0     4     ]
#437  : 32768 1     0     [ 0     0     0     0     0     0     0     0     0     0     0     0     0     4     ]
#438  : 32768 1     0     [ 0     0     0     0     0     0     0     0     0     0     0     0     0     4     ]
#439  : 32768 1     0     [ 0     0     0     0     0     0     0     0     0     0     0     0     0     4     ]
#440  : 32768 1     0     [ 0     0     0     0     0     0     0     0     0     0     0     0     0     4     ]
#441  : 32768 1     0     [ 0     0     0     0     0     0     0     0     0     0     0     0     0     4     ]
#442  : 32768 1     0     [ 0     0     0     0     0     0     0     0     0     0     0     0     0     4     ]
#443  : 32768 1     0     [ 0     0     0     0     0     0     0     0     0     0     0     0     0     4     ]
#444  : 32768 1     0     [ 0     0     0     0     0     0     0     0     0     0     0     0     0     4     ]
#445  : 32768 1     0     [ 0     0     0     0     0     0     0     0     0     0     0     0     0     4     ]
#446  : 32768 1     0     [ 0     0     0     0     0     0     0     0     0     0     0     0     0     4     ]
#447  : 30203 1     0     [ 1     1     0     1     1     1     1     1     1     0     1     0     1     3     ]
