#group: free  frags first [ 2^0   2^1   2^2   2^3   2^4   2^5   2^6   2^7   2^8   2^9   2^10  2^11  2^12  2^13  ]
#0    : 189   4     7996  [ 3     1     0     1     1     1     0     1     0     0     0     0     0     0     ]
#1    : 6872  15    776   [ 10    9     9     11    12    12    12    12    11    2     0     0     0     0     ]
#2    : 7163  3     0     [ 1     1     2     0     1     1     1     1     1     1     0     3     0     0     ]
#3    : 7934  1     258   [ 0     1     1     1     1     1     1     1     0     1     1     3     0     0     ]
#4    : 8192  1     0     [ 0     0     0     0     0     0     0     0     0     0     0     4     0     0     ]
#5    : 7934  1     258   [ 0     1     1     1     1     1     1     1     0     1     1     3     0     0     ]
#6    : 4096  1     4096  [ 0     0     0     0     0     0     0     0     0     0     0     2     0     0     ]
#7    : 7934  1     258   [ 0     1     1     1     1     1     1     1     0     1     1     3     0     0     ]
#8    : 8192  1     0     [ 0     0     0     0     0     0     0     0     0     0     0     4     0     0     ]
#9    : 7934  1     258   [ 0     1     1     1     1     1     1     1     0     1     1     3     0     0     ]
#10   : 8192  1     0     [ 0     0     0     0     0     0     0     0     0     0     0     4     0     0     ]
#11   : 8192  1     0     [ 0     0     0     0     0     0     0     0     0     0     0     4     0     0     ]
#12   : 8192  1     0     [ 0     0     0     0     0     0     0     0     0     0     0     4     0     0     ]
#13   : 8192  1     0     [ 0     0     0     0     0     0     0     0     0     0     0     4     0     0     ]
#14   : 8192  1     0     [ 0     0     0     0     0     0     0     0     0     0     0     4     0     0     ]
#15   : 8191  1     0     [ 1     1     1     1     1     1     1     1     1     1     1     3     0     0     ]
